N_ENERGY = 10
E_MAX = 8
N_XI = 10
N_THETA = 32
THETA_PLOT = 32
N_RADIAL = 12
N_TOROIDAL = 1
N_FIELD = 3
DELTA_T = 0.005
PRINT_STEP = 100
MAX_TIME = 200.0
FREQ_TOL = 0.001
KY = 0.1
PX0 = 0.0
BOX_SIZE = 1
NONLINEAR_FLAG = 0
EQUILIBRIUM_MODEL = 2
RMIN = 0.68479742154747
RMAJ = 1.8498509607744342
ZMAG = -4.386237517835916e-05
DZMAG = 9.072189443026912e-05
KAPPA = 3.0302699173285554
S_KAPPA = -0.14352102941582315
DELTA = 0.4623178370292065
S_DELTA = 0.18453004327597405
ZETA = 0.0
S_ZETA = 0.0
SHIFT = -0.5804006203894074
BETAE_UNIT = 0.012194986140250668
Q = 4.29996157
S = 0.7706147138551164
BETA_STAR_SCALE = 0.933174727847081
COLLISION_MODEL = 4
NU_EE = 0.014586300854813002
Z_EFF = 1.0
Z_EFF_METHOD = 1
N_SPECIES = 3
Z_1 = -1
DENS_1 = 1.0
TEMP_1 = 1.0
MASS_1 = 0.0002724437107481638
DLNNDR_1 = 0.4247526509961557
DLNTDR_1 = 2.782385669107711
Z_2 = 1
DENS_2 = 0.5
TEMP_2 = 1.0
MASS_2 = 1.0
DLNNDR_2 = 0.4247526509961557
DLNTDR_2 = 2.782385669107711
FIELD_PRINT_FLAG = 1
MOMENT_PRINT_FLAG = 1
MASS_3 = 1.5
Z_3 = 1
DENS_3 = 0.5
TEMP_3 = 1.0
DLNTDR_3 = 2.782385669107711
DLNNDR_3 = 0.4247526509961557
